0000014604	[5.8258,-5.0341,3.0633,1.1933,-5.0718]
0000017805	[-9.6622,6.3287,-1.5846,-4.6250,9.5449]
0000023111	[11.9586,-15.0295,11.6679,-5.1368,-3.4613]
0000015649	[6.1124,-7.1360,6.3174,-2.9530,-2.3447]
0000018127	[7.1006,-8.8633,7.4568,-2.4920,-3.2059]
0000022749	[8.7889,-4.2203,-2.7660,7.5209,-9.3378]
0000023945	[-2.3065,-4.1549,10.0969,-10.7274,7.0939]
0000023958	[5.7071,-5.2615,1.3709,2.6858,-4.5063]
0000024362	[-4.1382,-3.0048,9.6922,-11.5397,8.9913]
0000025665	[-4.1382,-3.0048,9.6922,-11.5397,8.9913]
0000019833	[9.6877,-13.9426,12.1966,-7.6103,-0.3299]
0000014689	[-0.1042,1.0925,-4.0516,3.5259,-0.4607]
0000016647	[2.5820,0.3021,-0.4374,1.3588,-3.8014]
0000025199	[0.7317,-2.5491,1.4671,0.6189,-0.2659]
0000015937	[-1.0616,1.1749,-1.0327,-1.8383,2.7530]
0000016043	[-0.1042,1.0925,-4.0516,3.5259,-0.4607]
0000021033	[-0.1042,1.0925,-4.0516,3.5259,-0.4607]
0000021539	[0.5827,0.0546,0.1175,-1.6162,0.8528]
0000021727	[-0.1042,1.0925,-4.0516,3.5259,-0.4607]
0000021729	[-0.1042,1.0925,-4.0516,3.5259,-0.4607]
0000023185	[1.0115,1.5453,-1.3517,-0.2450,-0.9667]
0000024274	[-0.1042,1.0925,-4.0516,3.5259,-0.4607]
0000074241	[-1.8199,2.0613,-1.2525,-2.0915,3.0912]
0000018787	[-0.1042,1.0925,-4.0516,3.5259,-0.4607]
0000019686	[1.6955,0.5315,-0.5685,0.5287,-2.1626]
0000022036	[2.1119,0.1859,-0.1479,0.5728,-2.7215]
0000022959	[2.8703,-0.7005,0.0719,0.8261,-3.0598]
0000024034	[2.1119,0.1859,-0.1479,0.5728,-2.7215]
0000017137	[-1.0397,-0.0043,0.1882,0.1541,0.7581]
0000023632	[-0.0266,-1.6626,1.2473,0.3657,0.0723]
0000023228	[-4.1349,4.4686,-1.4089,0.4251,0.6509]
0000019944	[-4.1349,4.4686,-1.4089,0.4251,0.6509]
0000016985	[-5.2643,5.5322,-4.1409,2.0972,1.7739]
0000017511	[-1.3514,1.1352,-3.1859,2.2236,1.2230]
0000015377	[-0.1042,1.0925,-4.0516,3.5259,-0.4607]
0000016016	[0.0847,0.3203,-2.7939,2.7694,-0.3799]
0000016830	[0.0847,0.3203,-2.7939,2.7694,-0.3799]
0000018699	[0.0847,0.3203,-2.7939,2.7694,-0.3799]
0000019284	[0.0847,0.3203,-2.7939,2.7694,-0.3799]
0000019359	[0.0847,0.3203,-2.7939,2.7694,-0.3799]
0000019844	[0.0847,0.3203,-2.7939,2.7694,-0.3799]
0000019958	[-1.3189,1.3884,-3.1345,2.7442,0.3219]
0000020550	[0.0847,0.3203,-2.7939,2.7694,-0.3799]
0000021034	[0.0847,0.3203,-2.7939,2.7694,-0.3799]
0000022299	[0.0847,0.3203,-2.7939,2.7694,-0.3799]
0000022791	[-0.7810,0.8073,-2.4480,2.2768,0.1449]
0000023907	[0.0847,0.3203,-2.7939,2.7694,-0.3799]
0000023920	[0.0847,0.3203,-2.7939,2.7694,-0.3799]
0000023924	[0.0847,0.3203,-2.7939,2.7694,-0.3799]
0000024183	[0.8430,-0.5662,-2.5741,3.0227,-0.7182]
0000024528	[0.0847,0.3203,-2.7939,2.7694,-0.3799]
0000024725	[0.0847,0.3203,-2.7939,2.7694,-0.3799]
0000025566	[0.0847,0.3203,-2.7939,2.7694,-0.3799]
0000015264	[-1.6250,-1.3936,3.0312,-1.5794,1.5645]
0000022620	[-3.9255,3.1837,0.4917,-2.1348,2.3866]
0000019273	[-2.7313,3.4006,-1.0683,0.4503,-0.0510]
0000023346	[-2.7313,3.4006,-1.0683,0.4503,-0.0510]
0000043171	[-7.2960,1.1264,-0.5987,-2.5913,9.3580]
0000043420	[9.2893,-11.3622,5.4048,-3.5168,0.1847]
0000043172	[-1.8329,-1.4507,9.5866,-9.3974,3.0936]
0000043173	[-1.8797,-0.7685,9.8676,-9.7095,2.4893]
0000043174	[-1.8329,-1.4507,9.5866,-9.3974,3.0936]
0000043175	[-1.8329,-1.4507,9.5866,-9.3974,3.0936]
0000043176	[-1.8329,-1.4507,9.5866,-9.3974,3.0936]
0000043177	[-1.8329,-1.4507,9.5866,-9.3974,3.0936]
0000043180	[-1.8329,-1.4507,9.5866,-9.3974,3.0936]
0000043189	[-1.8329,-1.4507,9.5866,-9.3974,3.0936]
0000043195	[-1.8329,-1.4507,9.5866,-9.3974,3.0936]
0000043196	[-1.8329,-1.4507,9.5866,-9.3974,3.0936]
0000043197	[-1.8329,-1.4507,9.5866,-9.3974,3.0936]
0000043198	[-1.8329,-1.4507,9.5866,-9.3974,3.0936]
0000043199	[-1.8329,-1.4507,9.5866,-9.3974,3.0936]
0000043200	[-1.8329,-1.4507,9.5866,-9.3974,3.0936]
0000043203	[-1.8329,-1.4507,9.5866,-9.3974,3.0936]
0000043204	[-1.8329,-1.4507,9.5866,-9.3974,3.0936]
0000043208	[-1.8329,-1.4507,9.5866,-9.3974,3.0936]
0000043216	[-1.8329,-1.4507,9.5866,-9.3974,3.0936]
0000043217	[3.6054,-14.4622,36.7468,-52.0677,26.1771]
0000043219	[-1.8329,-1.4507,9.5866,-9.3974,3.0936]
0000043226	[-1.8329,-1.4507,9.5866,-9.3974,3.0936]
0000043227	[-1.8329,-1.4507,9.5866,-9.3974,3.0936]
0000043228	[-1.8329,-1.4507,9.5866,-9.3974,3.0936]
0000043419	[-1.8329,-1.4507,9.5866,-9.3974,3.0936]
0000043181	[18.7421,-23.1158,10.2177,-6.9412,1.0965]
0000043182	[-0.1262,9.2327,-20.8992,23.9533,-12.1611]
0000043187	[-26.9981,27.7749,-19.4070,-15.0470,33.6769]
0000043190	[18.7421,-23.1158,10.2177,-6.9412,1.0965]
0000043191	[9.4529,-11.7536,4.8129,-3.4244,0.9118]
0000043192	[-9.4155,20.5948,-26.3040,27.4701,-12.3458]
0000043193	[9.4529,-11.7536,4.8129,-3.4244,0.9118]
0000043209	[9.4529,-11.7536,4.8129,-3.4244,0.9118]
0000043213	[-9.4155,20.5948,-26.3040,27.4701,-12.3458]
0000043183	[9.2893,-11.3622,5.4048,-3.5168,0.1847]
0000043184	[18.5785,-22.7244,10.8095,-7.0337,0.3693]
0000043185	[18.5785,-22.7244,10.8095,-7.0337,0.3693]
0000043186	[-9.5791,20.9863,-25.7121,27.3776,-13.0730]
0000043188	[-27.1617,28.1663,-18.8152,-15.1395,32.9497]
0000043194	[-9.5791,20.9863,-25.7121,27.3776,-13.0730]
0000043201	[9.2893,-11.3622,5.4048,-3.5168,0.1847]
0000043202	[9.2893,-11.3622,5.4048,-3.5168,0.1847]
0000043205	[9.2893,-11.3622,5.4048,-3.5168,0.1847]
0000043210	[9.2893,-11.3622,5.4048,-3.5168,0.1847]
0000043212	[9.2893,-11.3622,5.4048,-3.5168,0.1847]
0000043214	[9.2893,-11.3622,5.4048,-3.5168,0.1847]
0000043222	[-9.5791,20.9863,-25.7121,27.3776,-13.0730]
0000043223	[9.2893,-11.3622,5.4048,-3.5168,0.1847]
0000043224	[9.2893,-11.3622,5.4048,-3.5168,0.1847]
0000043225	[9.2893,-11.3622,5.4048,-3.5168,0.1847]
0000043178	[9.2893,-11.3622,5.4048,-3.5168,0.1847]
0000043179	[9.2893,-11.3622,5.4048,-3.5168,0.1847]
0000043215	[9.2893,-11.3622,5.4048,-3.5168,0.1847]
0000043218	[9.2893,-11.3622,5.4048,-3.5168,0.1847]
0000043220	[11.6924,-11.4441,8.5102,-6.1777,-2.5813]
0000043221	[9.2893,-11.3622,5.4048,-3.5168,0.1847]
0000043229	[9.2893,-11.3622,5.4048,-3.5168,0.1847]
0000043231	[9.2893,-11.3622,5.4048,-3.5168,0.1847]
0000043232	[9.2893,-11.3622,5.4048,-3.5168,0.1847]
0000043235	[9.2893,-11.3622,5.4048,-3.5168,0.1847]
0000043236	[14.7276,-24.3738,32.5649,-46.1872,23.2682]
0000043313	[9.2893,-11.3622,5.4048,-3.5168,0.1847]
0000043211	[15.3680,-11.0890,5.5225,16.6775,-26.4793]
0000043206	[-10.9041,26.6838,-28.7269,39.2169,-26.2698]
0000043207	[7.9643,-5.6647,2.3900,8.3224,-13.0121]
0000043230	[-10.9041,26.6838,-28.7269,39.2169,-26.2698]
0000043233	[7.9643,-5.6647,2.3900,8.3224,-13.0121]
0000043234	[7.9643,-5.6647,2.3900,8.3224,-13.0121]
